0.29667
0.11430
0.41033
0.31574
0.00000
0.30989
0.25597
0.47016
0.18946
0.09617
0.41998
0.22688
0.23892
0.22483
0.28606
0.44213
0.23706
0.24906
0.38853
0.25708
0.46832
0.37796
0.29271
0.44224
0.21582
0.27763
0.42845
0.35167
0.23951
0.14276
0.38885
0.00000
0.24575
0.27064
0.00000
0.18508
0.28728
0.28106
0.31558
0.27248
0.14018
0.10375
0.26820
0.26000
0.25946
0.14313
0.11260
0.27173
0.24646
0.11146
0.35205
0.22214
0.25238
0.23737
0.23036
0.34751
0.20879
0.09503
0.21117
0.28785
0.28757
0.15129
0.06066
0.46636
0.93313
0.20686
0.37041
0.27908
0.27557
0.34377
0.44693
0.23713
0.12044
0.32842
0.56188
0.16006
0.28989
0.17626
0.72558
0.25591
0.31071
0.05800
0.50334
0.22660
0.33749
0.30481
0.24399
0.52273
0.72937
0.18199
0.31039
0.03944
0.00000
0.29604
0.39818
0.26534
0.05447
0.20027
0.28935
0.20779
0.20994
0.19599
0.36494
0.40754
0.35958
0.32641
0.41924
0.37312
0.37492
0.13012
0.14899
0.37087
0.20488
0.27656
0.39736
0.27631
0.28896
0.17960
0.29940
0.11712
0.12372
0.32589
