0.301
0.335
0.323
0.343
0.
0.345
0.344
0.351
0.354
0.345
0.283
0.268
0.322
0.321
0.320
0.318
0.316
0.310
0.309
0.263
0.323
0.342
0.343
0.301
0.326
0.358
0.345
0.341
0.331
0.354
0.332
0.
0.293
0.300
0.324
0.308
0.309
0.342
0.331
0.340
0.333
0.343
0.308
0.352
0.315
0.342
0.323
0.352
0.322
0.356
0.281
0.289
0.292
0.323
0.354
0.325
0.333
0.340
0.324
0.308
0.328
0.345
0.341
0.341
0.340
0.340
0.339
0.351
0.359
0.372
0.338
0.304
0.339
0.342
0.345
0.327
0.336
0.362
0.351
0.370
0.340
0.356
0.361
0.359
0.338
0.336
0.334
0.356
0.348
0.369
0.341
0.343
0.
0.320
0.334
0.333
0.333
0.346
0.346
0.366
0.321
0.347
0.337
0.350
0.333
0.332
0.330
0.344
0.343
0.366
0.341
0.329
0.350
0.346
0.330
0.327
0.327
0.341
0.354
0.364
0.338
0.376
